1.363714661543707685e+00 -2.197163476470428700e-01 -1.069461641603292046e-01 -1.577481900500106171e-01 -2.261010704674933786e-02 -2.105375741365266840e-01
1.643853344982428716e-02 1.288228801933766654e+00 -2.270190538231371680e-01 -1.449969971349306663e-01 -8.156790856844346738e-02 -4.542240626306354168e-02
-7.260422995701502902e-02 4.506119652275557275e-02 1.503558709218665523e+00 -3.547511175233230424e-04 2.588450612544474644e-02 -2.034479557933855931e-01
-3.333122046577027126e-02 -1.387197276002060942e-01 -1.390289424004347296e-01 2.826186325709285185e+00 -7.881035598267295550e-02 -9.104678204048592682e-02
-1.400914202767039873e-01 -1.598541476733496280e-01 -1.559824007687861114e-01 -3.681139912981647166e-02 2.571348661577586459e+00 -1.655442710614446478e-01
-2.449621179390295070e-02 -6.919892773367782024e-02 -8.963738496012939316e-02 -1.004780470709790846e-01 -2.124421043976359308e-02 2.599531769128564207e+00
1.189653725534999706e+00 1.222808258279511673e+00 -1.277016003871963568e-01 -1.296323277265712670e-01 -1.123358463124985718e-01 -2.343772889631400569e-01
1.516207278557144988e+00 6.394924878343694052e-01 -1.162129926566125848e-01 -1.020154255041359620e-01 -1.243827027628448267e-01 -9.369514742674291130e-02
1.660188882441024694e+00 -2.324197864021707860e-01 1.323023354481909664e+00 -6.503966382514410338e-02 -1.150224763737390105e-01 -1.825355901089195099e-01
1.369159024747911291e+00 -1.074769921550987467e-01 4.251922102256192049e-01 6.286966149586331772e-03 -3.590368978517376186e-02 -1.396702286637809542e-01
9.825201810274956093e-01 -1.832638945720201640e-01 -1.429813869717024843e-01 3.470660010972806742e+00 -1.611721534200472872e-01 -9.844150313436973720e-02
1.547457594034497674e+00 -1.155987418954165930e-01 -8.736049055179144485e-02 1.106219600490525590e+00 -1.705883330393853647e-01 -4.032629535150902139e-02
1.177066230637858757e+00 -4.655343215309459132e-02 -1.698758554615459881e-01 -1.280749090421373637e-01 2.818953850416186846e+00 -3.237562367916035910e-02
1.220728655921393013e+00 -8.474923094038049054e-02 -2.233190730144851421e-01 -1.421676032813029844e-01 1.231560009467454142e+00 6.325111618503112543e-02
1.291481532306947067e+00 -2.092767653185399757e-01 -7.253693535140308402e-02 -1.457419571331732555e-01 -1.716282137568599098e-01 2.502919631772949405e+00
1.237318856312106252e+00 -1.018209531322374906e-01 -7.025180434884796543e-02 -1.414801652728273906e-01 -7.343563205143906203e-02 1.441735265950371936e+00
-4.488151526950227149e-02 1.200700511338990584e+00 1.613015128025128586e+00 -3.658978858100890574e-02 -1.071172443713726413e-01 -1.219170642514192937e-01
-2.358977428019903289e-01 1.105824810162709948e+00 5.772327870600849620e-01 -1.204493211934244828e-01 -2.102635981162356837e-02 -8.684918613433972867e-02
-2.200355896083472373e-01 1.101639740557442959e+00 -5.014142518902373058e-02 3.175848251651933740e+00 -1.030720087543728208e-01 -1.390964043337384881e-01
3.859836949490417363e-02 8.855174927319121592e-01 -1.929002591202363670e-01 1.387078963708401114e+00 -1.169123377556665205e-01 2.640477585539089539e-02
-4.271557880939357704e-02 1.193819372954336933e+00 -2.534261055149685318e-02 -4.751779353092067809e-02 2.731163636865238775e+00 3.491542351756812823e-02
-3.518483593421956740e-02 1.360899842298515905e+00 -5.425760711775559630e-02 -4.052959501207173409e-02 8.745333548085747477e-01 -1.341057166829111580e-01
3.200931591304098656e-02 1.258041244022703120e+00 3.482965712977365708e-03 -9.297286310152720612e-02 -1.129597828772885421e-01 3.485499661656967341e+00
-1.292527570283199811e-01 1.426681429958464031e+00 -1.724232881182511390e-01 -8.926566167363667037e-02 -2.199333137655316295e-01 9.524673727493169206e-01
-3.919035314289764926e-02 -1.283516512569653559e-02 7.972391923373665090e-01 4.098603066585950749e+00 -8.696342765468398350e-02 -1.214956348029993735e-02
3.901573967216392241e-02 2.837914802809627171e-02 1.020176857246498647e+00 9.299957372857029503e-01 -1.014705849370176882e-01 -6.485102426080774363e-02
2.752932319018623619e-02 -1.360125508487591006e-01 1.010111254813659709e+00 -9.852726113324514201e-02 2.432415168385819726e+00 -2.959038457461129340e-02
-1.349256989366858506e-01 -1.617773696663926675e-01 1.546657585986543237e+00 -4.225973253539540286e-02 1.352707799143049172e+00 -3.899942445855013318e-02
-1.514401832125720770e-01 5.651488844366813098e-03 1.643795025810228960e+00 1.720662959012676449e-02 -1.089321411042320220e-01 2.096068615894244758e+00
-7.745618530217239506e-02 -6.111795834944616646e-02 1.263868722926690280e+00 -1.712183758441327142e-01 -1.216466769706594370e-01 9.171209817320199464e-01
-1.368162580673097650e-01 -1.703386436613441857e-01 -1.227575119947556387e-01 3.198293272426722567e+00 2.590169606638923483e+00 -3.793473924799765223e-02
-7.918078041573205217e-02 -1.435521958405635568e-01 -6.875473044660396216e-02 2.590457609442281317e+00 1.202418085713055085e+00 -8.809363317477721805e-03
-5.690179834309658929e-02 -1.471712306275906601e-01 -5.887331341869941198e-02 2.281513459285578360e+00 -1.050613296909446298e-01 2.326746304531301490e+00
3.143912449017324806e-02 -1.764397444871299570e-01 4.340659121974720092e-02 2.118368870858693853e+00 -1.703955604966374826e-01 1.025229359799904039e+00
-1.025353905660168347e-01 1.091921824264139446e-02 1.377810027013296607e-02 1.357881585488226669e-02 2.951801506543017428e+00 3.544152511290686647e+00
-1.745751147892030952e-01 -1.248144656226291421e-01 -1.182780453699859707e-01 -1.351687448358498134e-01 2.932142975269748320e+00 1.176727230427982551e+00
1.115365795469487553e+00 1.300160292491255198e+00 1.078578357482774752e+00 -1.761733177301825215e-01 -1.165992553796179124e-02 -1.045980938970897389e-01
1.380534047346613669e+00 1.285721492646735298e+00 -5.274008872722701913e-02 2.097477682691131218e+00 -4.311707878415040052e-02 -4.468367100944267006e-02
1.261467424650615232e+00 1.111496086505303404e+00 -2.330746648632160689e-01 -2.370714160983660584e-02 2.841001116201141041e+00 -1.053602084428249680e-01
1.601340210151092069e+00 1.180247535792575020e+00 -1.211022603642006867e-01 -1.834323312351636426e-01 -1.719902949258395319e-01 2.289450012857881855e+00
9.854024921858128838e-01 -2.004999570564372224e-01 9.632648253240527758e-01 2.627836466110462510e+00 -1.304220470193748760e-01 -1.735703528291647479e-01
1.606179390264242057e+00 -1.020170552102091371e-01 1.219567702952115473e+00 -9.255580836373290821e-02 3.054422031325222608e+00 -4.944056310125041764e-02
1.363197752766591719e+00 -3.767457827110783086e-02 1.078169892725666879e+00 -4.128918957703575643e-02 -1.919866455688615595e-02 2.157254313289751035e+00
1.327050473533638586e+00 -1.835564609321443247e-02 -7.765205466034771908e-02 2.015723679419378911e+00 2.457577282437510835e+00 5.521859594890008403e-03
1.471879558903729457e+00 -2.183350666146424701e-02 -1.275564440642697472e-01 2.831531848447428779e+00 -1.697278902649891341e-01 2.655595436993502645e+00
1.453396126867425364e+00 -4.798057580751743240e-03 -4.800340388988861423e-02 -1.690483548353935161e-01 2.230577265055513791e+00 2.815282199677720865e+00
-2.535719384929068995e-02 1.177246049809315798e+00 1.155395266497212026e+00 2.366224680179020101e+00 -2.322582215433216177e-02 -1.127094172478560058e-01
-1.167238958275837041e-01 9.823207803171092323e-01 1.079057936561783615e+00 1.934233195095850372e-02 3.129860141226406434e+00 -1.850234804917312015e-01
-1.579962576230553029e-01 1.403896732876546372e+00 1.415371730501418179e+00 -2.235005491477876083e-01 -3.201785292257200433e-02 2.009849017801903059e+00
-1.225008590870537567e-01 9.347966226809407697e-01 -8.466692045311750847e-02 2.729544420566337060e+00 3.219412501064806698e+00 -1.197613945318790479e-01
-2.256963119862467892e-01 1.117311303752631879e+00 -2.337891113315856695e-01 1.636012431626457708e+00 -7.401625292562222236e-02 2.464442492102431714e+00
-5.675093492624786601e-02 9.998902740401974798e-01 -1.048172293904942320e-01 -3.794926148289672063e-02 2.235562115438885833e+00 2.118137552299212967e+00
7.288369726027305040e-02 -4.195200378412083930e-02 1.029326519852187927e+00 2.043589612900962305e+00 2.688577827734385473e+00 -1.039009285077009404e-01
-4.497785749517821743e-03 -5.936482662203907551e-02 1.053122623683989012e+00 2.707273970046905287e+00 -2.397926018997478537e-01 2.703232555754953470e+00
-2.444040309542482980e-03 -1.294803198207921391e-01 1.129915260635880214e+00 -4.663178123509287981e-02 2.824774435052039845e+00 2.220202204286773284e+00
-2.946859888930466326e-02 -1.540113803895633293e-01 -1.216315043650282313e-01 2.696660528072851282e+00 1.906725194957971325e+00 1.881299471879539498e+00
