1.413663183992750705e+00 -2.155662798376257738e-01 -8.398092945951451949e-02 -1.390615304553402543e-01 -2.000840142612088021e-02 -1.833780043570919227e-01
2.350536334607365718e-02 1.348463368619781999e+00 -1.990746553663294283e-01 -1.424159443933746827e-01 -6.466898615121138838e-02 -3.818876663016209511e-02
-6.639831437419668747e-02 5.709122728292761323e-02 1.355114982869571216e+00 -5.980554320686849376e-03 2.894258831291360648e-02 -2.008352746906242603e-01
-1.402236887087672350e-02 -1.367135483213241798e-01 -1.037928703971716105e-01 2.540393470079811866e+00 -7.036246339447160825e-02 -8.969385121448864018e-02
-1.475852089547471380e-01 -1.681504493160784486e-01 -8.376899013717103992e-02 -1.743267015983743229e-02 2.908106048237890651e+00 -1.450588266048886688e-01
-2.259214332185150928e-02 -7.840837627796495846e-02 -9.678772888876978342e-02 -8.649624935326388764e-02 -8.799904145047610093e-03 2.630800270817232445e+00
1.092729147342880180e+00 1.334027858704044167e+00 -1.564364043789293335e-01 -1.140015182765226759e-01 -8.942295594643881462e-02 -2.000906635754503005e-01
1.467140051692871427e+00 5.827003217174593352e-01 -1.159937897054969941e-01 -6.529623157952496593e-02 -1.015785301323532119e-01 -8.828746562061892678e-02
1.968446614670089634e+00 -2.516154259537352056e-01 1.171331234326465909e+00 -5.889707166873447974e-02 -1.256360795416265885e-01 -1.947337467906665731e-01
1.635075759789148542e+00 -8.228234080638212322e-02 4.590322345080342092e-01 -7.511174339619431338e-04 -2.830667574872149789e-02 -9.752428830224127432e-02
1.156675707350689031e+00 -1.283083227263105419e-01 -1.513231373072463914e-01 3.370247862315725929e+00 -1.625454484048601267e-01 -7.961720064957222842e-02
1.511716125824823287e+00 -1.015369794707889350e-01 -8.539204655998181015e-02 1.245164035723885121e+00 -1.321570545756915183e-01 -2.858348349810293371e-02
1.141097110204152054e+00 -3.067346094532264617e-02 -1.770994207325705116e-01 -1.270735783398443675e-01 2.846031805715087515e+00 -2.572843363592254573e-02
1.128998894588356450e+00 -8.260590423826441597e-02 -2.175617269558074995e-01 -1.643500211394256505e-01 1.371113712014371933e+00 4.680167927970178832e-02
1.236739712147686632e+00 -1.589996264510114832e-01 -7.394789022739248208e-02 -1.308660969424798870e-01 -1.805447066538084788e-01 2.268765455019303712e+00
1.144337844338287002e+00 -9.390056431873788911e-02 -7.870159933055848045e-02 -1.317874992373591347e-01 -6.122863522166326067e-02 1.414235623083787363e+00
-3.738583606251145997e-02 1.230604525682532868e+00 1.849319826295811264e+00 -3.153576651375344930e-02 -9.242465149290178539e-02 -9.588537099666272212e-02
-1.859567883918161191e-01 1.097000444206091885e+00 5.846485974210280379e-01 -1.083284639468092836e-01 -2.848977333842498544e-02 -7.957814639120570910e-02
-1.923037427917904940e-01 1.451998952076075655e+00 -4.324228577162918252e-02 3.389686780483699202e+00 -9.972224870503124117e-02 -1.502712111494217684e-01
3.599201603147071660e-02 8.583532344792295099e-01 -1.133875796516387591e-01 1.300808393843684296e+00 -1.265118198239255642e-01 7.353192370285686376e-03
-6.249320999738453009e-02 1.170507709079843472e+00 -1.777371534474281312e-02 -3.664423439978501534e-02 3.243989996605118886e+00 3.518956958433040738e-02
-3.720096988782001929e-02 1.393876541921971857e+00 -2.225600098504042224e-02 -4.100241345310784435e-02 9.541620869998213017e-01 -1.186563981839849347e-01
1.012012274492342899e-02 1.270562957364099299e+00 5.370439717787849412e-03 -6.389844829592840336e-02 -9.274876670152343294e-02 3.144484082076631992e+00
-9.898356837962316024e-02 1.522679628607104929e+00 -1.778841353022085903e-01 -1.050208692517391740e-01 -1.660570646164952202e-01 7.919754996003799397e-01
-2.282545133783300817e-02 7.587117104585552017e-03 8.704453376667624642e-01 3.671354375156619554e+00 -8.197854759371234201e-02 -8.925882456594097167e-03
4.174646125830545895e-02 3.319427549815481826e-02 1.056748717298632956e+00 9.579232206271738326e-01 -8.587236870454287296e-02 -9.173178944916722533e-02
1.258974839692867873e-02 -8.952257157403027688e-02 1.194325285790179825e+00 -1.161528831065324896e-01 2.586511836617675364e+00 -2.146610987688587005e-02
-1.271235885211508820e-01 -1.245118292746560384e-01 1.519140138220102632e+00 -2.304227481020015150e-02 1.433722828829772533e+00 -5.999916775662547663e-02
-1.707453134806490025e-01 2.097402785051961233e-02 1.408452375509750887e+00 2.416119014773205481e-02 -9.685585615462823095e-02 2.358137901931024238e+00
-1.073590574339788190e-01 -6.225871710742322818e-02 1.270392899372874140e+00 -1.803547887292643315e-01 -1.051151259837608959e-01 8.086006687978386509e-01
-1.462799793176539909e-01 -2.029442051124259461e-01 -1.223849883161066132e-01 3.390640036083033770e+00 3.069037044067453923e+00 -2.853009210216741684e-02
-6.565653466802688631e-02 -1.551971207864193125e-01 -6.025890468722398807e-02 2.131995196868157638e+00 1.135374609836562465e+00 9.435332321687486812e-03
-7.361485141478665839e-02 -1.303315141319008330e-01 -8.063314733231291553e-02 2.334075444580690828e+00 -9.622233713728668703e-02 2.626336189985670533e+00
3.644694083210600621e-02 -1.434344043919844880e-01 4.044804993367026591e-02 2.267701713976371103e+00 -1.285535147470351358e-01 1.255338157202580351e+00
-1.025089065305074543e-01 9.217934971934137883e-03 1.019327276939620101e-03 9.796888339941450113e-03 2.969538236358915562e+00 3.331606721894086576e+00
-1.490476070641547635e-01 -1.026614501141838581e-01 -1.105120678548364849e-01 -9.870455737925508399e-02 3.087884864032851784e+00 1.272889126372203084e+00
9.813462894599598307e-01 1.473942707863574508e+00 1.311284396482132353e+00 -1.387880445184258571e-01 -2.123138010736437542e-02 -9.844419180039490347e-02
1.177243085548721480e+00 1.301508602895433686e+00 -4.363220642090159807e-02 2.620834494748205845e+00 -6.265148350184987502e-02 -2.744248394341754216e-02
1.474837199085001105e+00 1.163219132553765744e+00 -1.871676089376720642e-01 -2.437559170642553119e-02 2.140351718171860984e+00 -1.150509311462032114e-01
1.186504027410294038e+00 1.037067781486928020e+00 -1.537691729844128108e-01 -2.004911427177151206e-01 -1.530278616205823228e-01 2.340182169040563309e+00
1.070718153185649335e+00 -1.913016608890923953e-01 8.876837219266560108e-01 2.594666094831255876e+00 -1.200062079453364655e-01 -1.324258964363423385e-01
1.659922123282539186e+00 -8.582440475215503961e-02 1.402254684091405634e+00 -7.573320657524164334e-02 2.602694689319415833e+00 -1.696028437576805117e-02
1.322789712364385029e+00 -1.907477087621530995e-02 1.107668106964021737e+00 -5.151334692111313174e-02 2.773885803247868632e-03 2.034514703431831606e+00
1.200130961940355956e+00 -2.121255135400578612e-02 -1.042173715956881686e-01 2.035350252991156239e+00 2.022850545581790449e+00 9.366150175570804592e-03
1.286687585613215168e+00 7.369152124075458582e-03 -1.290724043034695290e-01 2.825947768604976762e+00 -1.689381071171807691e-01 2.864344367504854993e+00
1.279502471184804424e+00 -2.360925077538785638e-02 -7.066485216589132867e-02 -1.484755853326651387e-01 2.500789602941255296e+00 2.706897264725703245e+00
-1.335438894188621661e-02 1.133924907881423305e+00 9.627613818082570996e-01 1.886380223205717854e+00 -3.070466785356032804e-02 -1.157624884912999141e-01
-1.216501443021703599e-01 1.105034237480883030e+00 9.400387322653321887e-01 3.470181074629145185e-02 2.681053028885449940e+00 -1.915454123543862686e-01
-1.464782491884558668e-01 1.211352807838997458e+00 1.158146013150036957e+00 -2.478766685827318850e-01 -4.713266929501451485e-02 1.579314751891131241e+00
-1.181418312414077298e-01 1.065605892296683788e+00 -4.956463863171165635e-02 2.836234431941794920e+00 2.637392938546256449e+00 -1.331125667728909057e-01
-1.794222468316451491e-01 1.006605935253063189e+00 -1.863904793280611039e-01 1.940995967538832190e+00 -6.929463536245096533e-02 2.187903337841716755e+00
-5.608250540387785255e-02 1.000931179551939110e+00 -9.860622103188890208e-02 -4.307101125119117135e-02 2.265309457506387680e+00 2.047579700760793209e+00
6.399540015618938871e-02 -2.952050431220914345e-02 9.513159440938924183e-01 2.284764420805061924e+00 2.439426378114609495e+00 -8.759114494201067358e-02
-2.094397219873966876e-02 -6.170853399232065217e-02 1.024948917048079888e+00 3.065354325358028209e+00 -1.906595725635731320e-01 3.050533977236879579e+00
1.175051314434441725e-02 -1.369665656539401366e-01 1.233445017833998847e+00 -6.544478758265002971e-02 2.895488559034333331e+00 2.160998028677061811e+00
4.711371863061372157e-03 -1.557061766955983029e-01 -1.453347617744795428e-01 1.958604198560219167e+00 2.096131886786018583e+00 2.123405636348658199e+00
